in: -1.000000,-1.000000,-1.000000,0.706323,-0.003147,-17.458200,3.285270
 out:-1.927112,1.000000,45.000000



